2015/09/02,Microsoft~STRING
2015/10/02,Microsoft~STRING
